400
-1 1 -1 20 
0 2 -1 -1 
1 3 -1 22 
2 4 -1 -1 
3 5 -1 24 
4 6 -1 25 
5 -1 -1 26 
-1 8 -1 27 
7 9 -1 28 
8 10 -1 29 
9 -1 -1 30 
-1 -1 -1 31 
-1 13 -1 -1 
12 14 -1 33 
13 15 -1 34 
14 16 -1 35 
15 17 -1 36 
16 18 -1 37 
17 19 -1 -1 
18 -1 -1 39 
-1 21 0 40 
20 22 -1 41 
21 -1 2 42 
-1 24 -1 43 
23 25 4 -1 
24 -1 5 45 
-1 -1 6 46 
-1 28 7 47 
27 29 8 -1 
28 30 9 -1 
29 -1 10 50 
-1 32 11 51 
31 33 -1 52 
32 34 13 -1 
33 35 14 -1 
34 36 15 55 
35 37 16 56 
36 38 17 -1 
37 39 -1 58 
38 -1 19 59 
-1 41 20 60 
40 -1 21 -1 
-1 43 22 62 
42 -1 23 63 
-1 45 -1 64 
44 -1 25 -1 
-1 -1 26 -1 
-1 48 27 67 
47 49 -1 68 
48 50 -1 -1 
49 51 30 -1 
50 -1 31 71 
-1 -1 32 72 
-1 54 -1 73 
53 55 -1 74 
54 56 35 75 
55 57 36 76 
56 58 -1 77 
57 59 38 -1 
58 -1 39 -1 
-1 61 40 80 
60 62 -1 81 
61 63 42 82 
62 -1 43 83 
-1 65 44 -1 
64 66 -1 85 
65 67 -1 -1 
66 68 47 87 
67 69 48 -1 
68 70 -1 -1 
69 71 -1 90 
70 72 51 91 
71 73 52 92 
72 -1 53 -1 
-1 75 54 94 
74 76 55 95 
75 77 56 96 
76 78 57 97 
77 79 -1 98 
78 -1 -1 99 
-1 81 60 100 
80 82 61 101 
81 83 62 102 
82 -1 63 103 
-1 85 -1 104 
84 86 65 -1 
85 87 -1 106 
86 88 67 107 
87 -1 -1 108 
-1 90 -1 -1 
89 91 70 110 
90 92 71 -1 
91 -1 72 112 
-1 94 -1 113 
93 -1 74 -1 
-1 -1 75 -1 
-1 -1 76 116 
-1 98 77 -1 
97 99 78 118 
98 -1 79 119 
-1 101 80 120 
100 102 81 121 
101 103 82 122 
102 104 83 -1 
103 105 84 124 
104 106 -1 125 
105 107 86 126 
106 108 87 127 
107 109 88 128 
108 110 -1 129 
109 111 90 -1 
110 112 -1 131 
111 113 92 -1 
112 114 93 133 
113 115 -1 -1 
114 116 -1 -1 
115 117 96 136 
116 118 -1 137 
117 119 98 138 
118 -1 99 -1 
-1 121 100 140 
120 122 101 141 
121 -1 102 -1 
-1 124 -1 143 
123 125 104 144 
124 126 105 -1 
125 127 106 146 
126 128 107 147 
127 129 108 148 
128 130 109 149 
129 131 -1 150 
130 132 111 151 
131 -1 -1 152 
-1 134 113 153 
133 135 -1 154 
134 -1 -1 155 
-1 137 116 156 
136 -1 117 157 
-1 139 118 158 
138 -1 -1 -1 
-1 141 120 160 
140 -1 121 161 
-1 143 -1 162 
142 144 123 163 
143 145 124 -1 
144 146 -1 165 
145 147 126 166 
146 148 127 167 
147 149 128 168 
148 150 129 -1 
149 -1 130 170 
-1 152 131 171 
151 -1 132 172 
-1 -1 133 173 
-1 -1 134 174 
-1 156 135 175 
155 157 136 176 
156 158 137 177 
157 159 138 178 
158 -1 -1 179 
-1 -1 140 -1 
-1 162 141 181 
161 163 142 182 
162 164 143 -1 
163 165 -1 184 
164 166 145 185 
165 167 146 186 
166 168 147 187 
167 169 148 188 
168 170 -1 189 
169 171 150 190 
170 172 151 191 
171 173 152 192 
172 -1 153 193 
-1 -1 154 194 
-1 176 155 195 
175 177 156 196 
176 178 157 197 
177 179 158 198 
178 -1 159 199 
-1 181 -1 200 
180 182 161 201 
181 183 162 -1 
182 184 -1 203 
183 185 164 204 
184 186 165 205 
185 187 166 -1 
186 188 167 207 
187 189 168 208 
188 -1 169 209 
-1 -1 170 210 
-1 192 171 -1 
191 193 172 212 
192 194 173 213 
193 195 174 214 
194 196 175 215 
195 197 176 216 
196 198 177 217 
197 199 178 218 
198 -1 179 219 
-1 201 180 220 
200 202 181 -1 
201 203 -1 -1 
202 204 183 -1 
203 205 184 224 
204 206 185 225 
205 207 -1 226 
206 208 187 -1 
207 -1 188 228 
-1 -1 189 229 
-1 211 190 230 
210 -1 -1 -1 
-1 213 192 232 
212 214 193 -1 
213 215 194 234 
214 216 195 235 
215 -1 196 236 
-1 218 197 237 
217 219 198 238 
218 -1 199 239 
-1 221 200 240 
220 222 -1 241 
221 223 -1 242 
222 224 -1 243 
223 225 204 244 
224 226 205 245 
225 227 206 246 
226 228 -1 247 
227 229 208 -1 
228 230 209 249 
229 -1 210 -1 
-1 232 -1 -1 
231 -1 212 252 
-1 234 -1 -1 
233 235 214 254 
234 -1 215 255 
-1 -1 216 -1 
-1 238 217 257 
237 239 218 258 
238 -1 219 259 
-1 241 220 260 
240 242 221 261 
241 243 222 262 
242 -1 223 263 
-1 245 224 264 
244 246 225 265 
245 247 226 266 
246 248 227 267 
247 -1 -1 268 
-1 250 229 269 
249 251 -1 270 
250 252 -1 271 
251 253 232 272 
252 254 -1 -1 
253 255 234 274 
254 256 235 275 
255 257 -1 276 
256 258 237 277 
257 259 238 278 
258 -1 239 279 
-1 261 240 280 
260 262 241 281 
261 263 242 282 
262 264 243 -1 
263 265 244 284 
264 266 245 285 
265 267 246 286 
266 268 247 -1 
267 269 248 288 
268 270 249 289 
269 271 250 290 
270 272 251 -1 
271 273 252 292 
272 274 -1 293 
273 275 254 294 
274 276 255 -1 
275 277 256 296 
276 278 257 297 
277 -1 258 -1 
-1 -1 259 -1 
-1 281 260 300 
280 282 261 -1 
281 -1 262 302 
-1 284 -1 303 
283 285 264 304 
284 286 265 305 
285 287 266 306 
286 288 -1 307 
287 289 268 -1 
288 290 269 309 
289 291 270 310 
290 292 -1 -1 
291 293 272 312 
292 -1 273 313 
-1 295 274 -1 
294 296 -1 315 
295 297 276 316 
296 298 277 317 
297 299 -1 318 
298 -1 -1 319 
-1 -1 280 320 
-1 302 -1 -1 
301 303 282 322 
302 304 283 323 
303 305 284 324 
304 306 285 325 
305 307 286 326 
306 308 287 327 
307 309 -1 328 
308 -1 289 329 
-1 311 290 330 
310 312 -1 331 
311 313 292 -1 
312 314 293 333 
313 315 -1 334 
314 316 295 -1 
315 -1 296 336 
-1 318 297 337 
317 319 298 338 
318 -1 299 -1 
-1 321 300 -1 
320 322 -1 341 
321 -1 302 342 
-1 -1 303 343 
-1 -1 304 344 
-1 326 305 345 
325 327 306 346 
326 328 307 347 
327 329 308 348 
328 330 309 349 
329 331 310 -1 
330 332 311 351 
331 333 -1 352 
332 334 313 353 
333 -1 314 354 
-1 336 -1 355 
335 337 316 -1 
336 338 317 357 
337 339 318 358 
338 -1 -1 359 
-1 -1 -1 360 
-1 342 321 361 
341 343 322 362 
342 344 323 363 
343 345 324 364 
344 346 325 365 
345 347 326 366 
346 348 327 367 
347 349 328 368 
348 350 329 369 
349 351 -1 370 
350 352 331 371 
351 353 332 372 
352 354 333 373 
353 -1 334 374 
-1 356 335 375 
355 357 -1 376 
356 358 337 -1 
357 359 338 378 
358 -1 339 379 
-1 361 340 -1 
360 -1 341 -1 
-1 363 342 382 
362 364 343 -1 
363 365 344 384 
364 366 345 385 
365 367 346 386 
366 368 347 387 
367 369 348 388 
368 370 349 -1 
369 371 350 390 
370 372 351 391 
371 373 352 -1 
372 374 353 393 
373 -1 354 394 
-1 376 355 395 
375 377 356 -1 
376 378 -1 397 
377 379 358 398 
378 -1 359 399 
-1 -1 -1 -1 
-1 382 -1 -1 
381 383 362 -1 
382 -1 -1 -1 
-1 385 364 -1 
384 386 365 -1 
385 387 366 -1 
386 388 367 -1 
387 389 368 -1 
388 390 -1 -1 
389 -1 370 -1 
-1 392 371 -1 
391 393 -1 -1 
392 394 373 -1 
393 395 374 -1 
394 396 375 -1 
395 -1 -1 -1 
-1 -1 377 -1 
-1 399 378 -1 
398 -1 379 -1 
